200 0.036610 0.020353 0.013552 2.701446
400 0.187534 0.137157 0.101334 1.850652
600 0.630768 0.474966 0.342311 1.842675
800 1.539558 1.118775 0.828572 1.858086
1000 3.180210 2.268293 1.851543 1.717600

200 0.023563 0.009358 0.007121 3.308945
400 0.189263 0.071266 0.053323 3.549369
600 0.642808 0.250991 0.176699 3.637870
800 1.560193 0.591778 0.433441 3.599551
1000 3.614200 1.136238 0.845003 4.277145

200 0.024124 0.006198 0.004684 5.150299
400 0.187941 0.049257 0.036671 5.125058
600 0.643237 0.167252 0.131402 4.895184
800 1.690763 0.453412 0.294700 5.737234
1000 3.190404 0.843814 0.621051 5.137105

200 0.023575 0.004974 0.003456 6.821470
400 0.188669 0.037392 0.027818 6.782263
600 0.635966 0.141646 0.094381 6.738284
800 1.534290 0.353282 0.239556 6.404724
1000 3.471869 0.649898 0.457318 7.591805

200 0.024201 0.006151 0.005201 4.653144
200 0.049227 0.023481 0.014572 3.378191
400 0.186686 0.141275 0.102484 1.821611
600 0.653634 0.473813 0.345833 1.890028
800 1.546651 1.134622 0.829176 1.865287
1000 3.184178 2.260498 1.645781 1.934752

200 0.023545 0.009601 0.007775 3.028296
400 0.187696 0.071838 0.053078 3.536230
600 0.634171 0.238660 0.176278 3.597562
800 1.539516 0.574434 0.427237 3.603424
1000 3.161067 1.149995 0.840204 3.762261

200 0.023448 0.006233 0.004682 5.008116
400 0.187787 0.049465 0.036124 5.198400
600 0.632503 0.169193 0.121729 5.195993
800 1.535586 0.404629 0.292885 5.242966
1000 3.152475 0.798851 0.578789 5.446674

200 0.023737 0.006456 0.003427 6.926466
400 0.229583 0.037328 0.028705 7.998014
600 0.632848 0.126845 0.107960 5.861875
800 1.532338 0.301671 0.243030 6.305139
1000 3.147023 0.592544 0.452217 6.959099

200 0.023498 0.005917 0.004651 5.052247
400 0.187496 0.037453 0.035518 5.278901
600 0.634104 0.132740 0.097760 6.486334
800 1.542679 0.304060 0.218654 7.055343
1000 3.152220 0.572705 0.430770 7.317641

200 0.023684 0.005502 0.003956 5.986855
400 0.187770 0.034944 0.025456 7.376257
600 0.637200 0.121953 0.085997 7.409561
800 1.538970 0.293103 0.206773 7.442800
1000 3.143814 0.576629 0.448183 7.014577

200 0.023537 0.004740 0.003632 6.480452
400 0.188859 0.032264 0.026884 7.024959
600 0.633764 0.120131 0.084445 7.505051
800 1.539036 0.278168 0.210419 7.314149
1000 3.141642 0.526173 0.402512 7.805089

200 0.024393 0.004685 0.003965 6.152081
400 0.186825 0.033432 0.027062 6.903592
600 0.634135 0.108573 0.081438 7.786721
800 1.537810 0.263823 0.221231 6.951151
1000 3.140757 0.533559 0.397915 7.893035

200 0.046286 0.022963 0.015543 2.977932
400 0.203745 0.138884 0.111715 1.823793
600 0.714457 0.489404 0.367635 1.943387
800 1.616115 1.164568 0.837691 1.929250
1000 3.384917 2.410142 1.718739 1.969419

200 0.023890 0.009357 0.006613 3.612581
400 0.205774 0.083428 0.054573 3.770619
600 0.746928 0.371479 0.189632 3.938829
800 1.580833 0.648711 0.451295 3.502882
1000 3.524361 1.198960 0.870405 4.049105

200 0.023888 0.006373 0.004788 4.989139
400 0.188402 0.049310 0.036394 5.176732
600 0.693807 0.191362 0.129957 5.338743
800 1.850985 0.478851 0.306258 6.043875
1000 3.739699 0.842086 0.595020 6.284997

200 0.023678 0.005288 0.003439 6.885141
400 0.190666 0.039187 0.029313 6.504486
600 0.677737 0.150560 0.093769 7.227730
800 1.626862 0.310200 0.223757 7.270664
1000 3.578278 0.769003 0.655587 5.458128

200 0.024385 0.006751 0.004140 5.890097
400 0.192022 0.048303 0.032289 5.946979
600 0.662676 0.131902 0.106033 6.249715
800 1.641324 0.342303 0.348710 4.706845
1000 4.893109 0.842477 0.546794 8.948725

200 0.023811 0.005882 0.004050 5.879259
400 0.188091 0.039415 0.038027 4.946249
600 0.704776 0.122332 0.101961 6.912212
800 1.690427 0.305128 0.228687 7.391881
1000 3.666191 0.626155 0.471184 7.780805

200 0.023712 0.004957 0.003862 6.139824
400 0.192063 0.040654 0.034644 5.543904
600 0.709925 0.121049 0.090014 7.886829
800 1.545477 0.303019 0.222736 6.938604
1000 3.948009 0.659295 0.576774 6.844984

200 0.023990 0.004645 0.003460 6.933526
400 0.241876 0.034394 0.028689 8.430967
600 0.739558 0.125022 0.099843 7.407209
800 1.587804 0.291297 0.219247 7.242079
1000 3.472258 0.557883 0.497251 6.982908

200 0.027672 0.019421 0.013503 2.049322
400 0.217618 0.163035 0.103541 2.101757
600 0.710471 0.521375 0.393801 1.804137
800 1.763919 1.141652 0.916964 1.923651
1000 3.745666 2.765958 1.772108 2.113678

200 0.024275 0.009105 0.007646 3.174863
400 0.187124 0.074865 0.052173 3.586606
600 0.811073 0.295352 0.176834 4.586635
800 1.627334 0.701569 0.451884 3.601221
1000 3.919545 1.392884 0.861101 4.551783

200 0.023892 0.006335 0.004576 5.221154
400 0.188689 0.049627 0.037123 5.082806
600 0.741696 0.182255 0.128933 5.752569
800 1.735976 0.409885 0.293887 5.906951
1000 3.882249 0.868988 0.683670 5.678542

200 0.029125 0.007069 0.005300 5.495283
400 0.206737 0.055075 0.041492 4.982575
600 0.759198 0.137377 0.105982 7.163462
200 0.024239 0.017715 0.013708 1.768238
400 0.188824 0.137984 0.102934 1.834418
600 0.641230 0.530508 0.351211 1.825769
800 1.540003 1.162160 0.889378 1.731551
200 0.024266 0.017609 0.013011 1.865037
400 0.193884 0.139627 0.103443 1.874308
200 0.046875 0.023121 0.014513 3.229863
400 0.199322 0.138556 0.102658 1.941612
200 0.044945 0.020461 0.013644 3.294122
400 0.197073 0.137199 0.102621 1.920396
600 0.712629 0.468016 0.344118 2.070886
800 1.615369 1.193812 0.897744 1.799365
1000 3.704347 2.329706 1.667057 2.222088

200 0.023497 0.009220 0.006597 3.561771
400 0.191093 0.070529 0.052327 3.651901
600 0.638613 0.261113 0.183891 3.472780
800 1.627720 0.582216 0.434858 3.743107
1000 3.141319 1.241909 0.842708 3.727648

200 0.023452 0.006343 0.004580 5.120524
400 0.260609 0.049079 0.036312 7.176939
600 0.636281 0.166110 0.121650 5.230423
800 1.546428 0.401251 0.294166 5.256991
1000 3.188036 0.780598 0.590644 5.397559

200 0.023986 0.005029 0.003578 6.703745
400 0.190638 0.037075 0.027089 7.037469
600 0.635110 0.126061 0.095007 6.684876
800 1.551983 0.299646 0.226085 6.864600
1000 3.157344 0.624067 0.453722 6.958763

200 0.023614 0.006273 0.004682 5.043571
400 0.190510 0.046727 0.030137 6.321465
600 0.640433 0.126641 0.096309 6.649773
800 1.549303 0.315567 0.230205 6.730101
1000 3.200817 0.602909 0.446504 7.168619

200 0.023654 0.005393 0.003908 6.052712
400 0.188007 0.042441 0.030507 6.162750
600 0.635909 0.121899 0.089070 7.139430
800 1.555118 0.290001 0.228663 6.800917
1000 3.170518 0.625899 0.476923 6.647861

200 0.024271 0.005703 0.006767 3.586671
400 0.190898 0.037031 0.028515 6.694652
600 0.633968 0.119710 0.091041 6.963544
800 1.558794 0.282068 0.225953 6.898753
1000 3.341604 0.546834 0.431749 7.739691

200 0.024704 0.004227 0.004117 6.000486
400 0.254204 0.035339 0.026401 9.628575
600 0.652041 0.114076 0.090016 7.243612
800 1.558212 0.275977 0.221774 7.026126
1000 3.296948 0.565394 0.455992 7.230276

200 0.046937 0.022643 0.014482 3.241058
400 0.196273 0.210526 0.103670 1.893248
600 0.687411 0.487264 0.352153 1.952024
800 1.558146 1.143207 0.837650 1.860140
1000 3.307042 2.362092 1.677006 1.971992

200 0.023752 0.010008 0.006890 3.447315
400 0.196016 0.070856 0.052988 3.699253
600 0.637563 0.238421 0.176140 3.619638
800 1.563925 0.576175 0.428230 3.652068
1000 3.170010 1.184872 0.866993 3.656327

200 0.023577 0.006199 0.004578 5.150066
400 0.187496 0.049791 0.037391 5.014469
600 0.642016 0.241421 0.130962 4.902308
800 1.596224 0.703110 0.367940 4.338273
1000 3.639318 0.900466 0.598253 6.083242

200 0.023554 0.004924 0.003775 6.239470
400 0.206720 0.036968 0.027504 7.515998
600 0.827016 0.211608 0.131839 6.272924
800 1.607713 0.325464 0.224815 7.151271
1000 3.211751 0.598830 0.456437 7.036570

200 0.023552 0.006018 0.003981 5.916102
400 0.187364 0.038028 0.027372 6.845097
600 0.641215 0.122478 0.099483 6.445473
800 1.592076 0.291516 0.232644 6.843400
1000 3.284158 0.600319 0.539494 6.087478

200 0.023602 0.005649 0.003957 5.964620
400 0.188460 0.037735 0.028369 6.643167
600 0.652985 0.122780 0.094115 6.938161
800 1.549901 0.295593 0.225646 6.868728
1000 3.372860 0.662324 0.449988 7.495444

200 0.023733 0.005123 0.003472 6.835541
400 0.187161 0.037521 0.026426 7.082457
600 0.645405 0.134729 0.103086 6.260840
800 1.663523 0.304401 0.231733 7.178619
1000 3.312994 0.549048 0.438821 7.549762

200 0.023728 0.004562 0.003239 7.325718
400 0.189208 0.034515 0.025158 7.520789
600 0.653033 0.150474 0.117787 5.544186
800 1.624178 0.283272 0.215360 7.541688
1000 3.330141 0.528657 0.476193 6.993259

200 0.032973 0.028916 0.016611 1.985010
400 0.190497 0.139065 0.111252 1.712302
600 0.645801 0.473308 0.372882 1.731918
800 1.589612 1.159920 0.829667 1.915964
1000 3.532948 2.300074 1.779607 1.985241

200 0.023902 0.009069 0.006701 3.566930
400 0.188607 0.070431 0.052353 3.602602
600 0.641851 0.241790 0.177701 3.611972
800 1.673950 0.580170 0.430184 3.891242
1000 3.373486 1.143914 0.852337 3.957925

200 0.023539 0.006764 0.005884 4.000510
400 0.193660 0.049015 0.036125 5.360830
600 0.739552 0.173829 0.123495 5.988518
800 1.573598 0.410111 0.302819 5.196497
1000 3.273223 0.936781 0.783047 4.180111

200 0.024162 0.005927 0.003612 6.689369
400 0.199620 0.047379 0.036558 5.460364
600 0.685788 0.145857 0.100519 6.822471
800 1.671757 0.350696 0.277732 6.019317
1000 3.641704 0.839465 0.583860 6.237290

200 0.045998 0.008722 0.005358 8.584920
400 0.201272 0.043852 0.125597 1.602522
600 0.678134 0.135304 0.146035 4.643640
800 1.754350 0.417676 0.272360 6.441291
1000 3.657239 1.011289 0.665153 5.498342

200 0.024746 0.006072 0.004078 6.068171
400 0.218435 0.061275 0.043550 5.015729
600 0.838392 0.163186 0.113256 7.402628
800 2.252314 0.697045 0.469696 4.795259
1000 4.738405 0.679145 0.509617 9.297973

200 0.027135 0.005130 0.004051 6.698346
400 0.192367 0.047090 0.047406 4.057862
600 0.881232 0.146453 0.110372 7.984199
800 1.725350 0.349765 0.256792 6.718862
1000 3.319061 0.650505 0.498250 6.661437

200 0.025446 0.004710 0.003555 7.157806
400 0.216873 0.097531 0.030129 7.198148
600 0.692748 0.137506 0.104852 6.606913
800 1.583313 0.348062 0.276809 5.719875
1000 3.321350 0.670342 0.506916 6.552072

